5_5)
5 2 1 1 3 2 4 4 4 5 2
4 5 6 7 6 10 4 8 3
-> 2.121320

6 1 5 2 6 5 6 5 4 3 3 1 2
4 5 3 7 6 9 4 5 1
-> 0.55

5 2 1 1 3 2 4 4 4 5 2
4 2 3 3 3.5 4 3 2 2 
-> 0.0000

5 2 1 1 3 2 4 4 4 5 2
4 5 4 7 6 10 4 8 3
-> 1.0000

4 1 2 1 4 4 4 4 2
4 2 2.5 2 3.5 3 3.5 3 2.5
-> 0.0000

!!!!!!!!!!!!!!!!!
4 1 2 1 4 4 4 4 2
6 2 4.5 6 5 5 2 7 2 8 6 3 6
-> 0.5000

11 1 1 0.5 2 1.5 3 2.5 3 3 2.5 2 2.6 1.5 2 2 1.5 3 2 3 1 1.5 0.5
5 1.8 2 2 1.8 2.8 2 2.8 2.4 2 2.4
-> 0.089


7 3 2 5 4 2 4 6 7 10 4 7 4 10 2
4 6 3 4 1 7 -1 9 1
-> 0.00000


6 -4 -3 -7 2 -2 5 -1 2 2 4 1 -2
6 0 0 5 3 8 2 7 -8 0 -5 3 -3
-> 0


6 -4 -3 -7 2 -2 5 -1 2 2 4 1 -2
6 2 -2 5 3 8 2 7 -8 0 -5 3 -3
-> 0.986394 


6 -4 -3 -7 2 -2 5 -1 2 2 4 1 -2
6 -7 -2 -5 2 -1 4 2 1 -1 1 2 -2
-> 0


10 -4 3 -2 5 0 3 3 5 5 3 6 1 2 -2 0 0 -2 -2 -5 1
7 -3 2 -2 3 0 2 3 3 3 0 0 1 -3 0 
-> 0


10 -4 3 -2 5 0 3 3 5 5 3 6 1 2 -2 0 0 -2 -2 -5 1
6 -6 1 -3 -5 5 -5 -3 -7 -4 -5 -6 -5
-> ~0.89


10 -4 3 -2 5 0 3 3 5 5 3 6 1 2 -2 0 0 -2 -2 -5 1
6 -6 1 -2 -2 5 -5 -3 -7 -4 -5 -6 -5
-> 0
_________________________________________

5_2)
8 -3 -4 -5 3 2 4 6 2 5 -4 3 -4 1 -4 -1 -4
-> 1

8 -3 -4 -5 3 2 4 6 2 5 -4 3 -4 1 -4 -1 -2
-> 0